9773672365, 1, 13.02.2013, 300 
9734672311, 2, 28.11.2011, # 
9714679805, 3, 15.10.2011, 120 
9757282392, 5, 23.09.2018, 54 
9781234567, 4, 10.11.2019, 60 
9723456789, 1, 05.12.2015, 150 
9734567890, 3, 20.03.2019, 200 
9745678901, 2, 15.04.2016, # 
9756789012, 1, 30.05.2021, 100 
9767890123, 4, 25.06.2020, 500 
9778901234, 5, 30.07.2020, 30 
9789012345, 3, 12.08.2018, 250 
9790123456, 2, 20.09.2021, # 
9801234567, 1, 15.10.2020, 200 
9812345678, 4, 02.11.2021, 150 
9823456789, 3, 30.12.2022, 100 
9834567890, 5, 14.01.2023, 50 
9845678901, 1, 18.02.2024, 80 
9856789012, 2, 22.03.2025, # 
9867890123, 3, 05.04.2026, 300 
9878901234, 4, 10.05.2027, 200 